1.994000000000000057e+02
5.400000000000000355e+00
1.199999999999999956e+00
1.780000000000000071e+01
1.090000000000000142e+02
1.193999999999999915e+02
5.390000000000000568e+00
2.000000000000000111e-01
3.699999999999999817e-02
-5.000000000000000000e+01
3.000000000000000000e+01
-8.000000000000000000e+01
-2.000000000000000000e+01
1.000000000000000000e+00
1.000000000000000000e+00
1.000000000000000000e+00
1.000000000000000000e+00
1.000000000000000000e+00
1.000000000000000000e+00
1.000000000000000000e+00
1.000000000000000000e+00
1.000000000000000000e+00
1.000000000000000000e+00
1.000000000000000000e+00
1.000000000000000000e+00
1.000000000000000000e+00
1.000000000000000000e+00
1.000000000000000000e+00
1.000000000000000000e+00
1.000000000000000000e+00
1.000000000000000000e+00
1.000000000000000000e+00
1.000000000000000000e+00
1.000000000000000000e+00
1.000000000000000000e+00
1.000000000000000000e+00
1.000000000000000000e+00
1.000000000000000000e+00
2.808600000000000136e+02
1.000000000000000000e+00
9.752499999999999503e+00
1.000000000000000056e-01
1.237000000000000099e+01
1.000000000000000000e+02
0.000000000000000000e+00
