1.995999999999999943e+02
4.799999999999999822e+00
1.059999999999999964e+01
1.280000000000000071e+01
4.239999999999999858e+01
1.998000000000000114e+02
1.010000000000000009e+00
2.000000000000000111e-01
2.500000000000000139e-02
-5.000000000000000000e+01
3.000000000000000000e+01
-8.000000000000000000e+01
-2.000000000000000000e+01
1.000000000000000000e+00
1.000000000000000000e+00
1.000000000000000000e+00
1.000000000000000000e+00
1.000000000000000000e+00
1.000000000000000000e+00
1.000000000000000000e+00
1.000000000000000000e+00
1.000000000000000000e+00
1.000000000000000000e+00
1.000000000000000000e+00
1.000000000000000000e+00
1.000000000000000000e+00
1.000000000000000000e+00
1.000000000000000000e+00
1.000000000000000000e+00
1.000000000000000000e+00
1.000000000000000000e+00
1.000000000000000000e+00
1.000000000000000000e+00
1.000000000000000000e+00
1.000000000000000000e+00
1.000000000000000000e+00
1.000000000000000000e+00
1.000000000000000000e+00
2.128940000000000055e+02
1.000000000000000000e+00
8.772399999999999309e+00
1.000000000000000056e-01
1.212000000000000099e+01
1.000000000000000000e+02
0.000000000000000000e+00
