1.994000000000000057e+02
5.400000000000000355e+00
1.000000000000000000e+00
1.739999999999999858e+01
1.490000000000000000e+02
1.193999999999999915e+02
5.390000000000000568e+00
2.199999999999999734e-01
3.699999999999999817e-02
-5.000000000000000000e+01
3.000000000000000000e+01
-8.000000000000000000e+01
-2.000000000000000000e+01
1.000000000000000000e+00
1.000000000000000000e+00
1.000000000000000000e+00
1.000000000000000000e+00
1.000000000000000000e+00
1.000000000000000000e+00
1.000000000000000000e+00
1.000000000000000000e+00
1.000000000000000000e+00
1.000000000000000000e+00
1.000000000000000000e+00
1.000000000000000000e+00
1.000000000000000000e+00
1.000000000000000000e+00
1.000000000000000000e+00
1.000000000000000000e+00
1.000000000000000000e+00
1.000000000000000000e+00
1.000000000000000000e+00
1.000000000000000000e+00
1.000000000000000000e+00
1.000000000000000000e+00
1.000000000000000000e+00
1.000000000000000000e+00
1.000000000000000000e+00
2.808600000000000136e+02
1.000000000000000000e+00
9.554499999999999105e+00
1.000000000000000056e-01
1.807000000000000028e+01
1.000000000000000000e+02
0.000000000000000000e+00
