1.994000000000000057e+02
4.799999999999999822e+00
1.120000000000000107e+01
8.000000000000000444e-01
6.400000000000000000e+01
1.191999999999999886e+02
5.629999999999999005e+00
2.199999999999999734e-01
2.299999999999999961e-02
-5.000000000000000000e+01
3.000000000000000000e+01
-8.000000000000000000e+01
-2.000000000000000000e+01
1.000000000000000000e+00
1.000000000000000000e+00
1.000000000000000000e+00
1.000000000000000000e+00
1.000000000000000000e+00
1.000000000000000000e+00
1.000000000000000000e+00
1.000000000000000000e+00
1.000000000000000000e+00
1.000000000000000000e+00
1.000000000000000000e+00
1.000000000000000000e+00
1.000000000000000000e+00
1.000000000000000000e+00
1.000000000000000000e+00
1.000000000000000000e+00
1.000000000000000000e+00
1.000000000000000000e+00
1.000000000000000000e+00
1.000000000000000000e+00
1.000000000000000000e+00
1.000000000000000000e+00
1.000000000000000000e+00
1.000000000000000000e+00
1.000000000000000000e+00
2.808600000000000136e+02
1.000000000000000000e+00
9.554499999999999105e+00
1.000000000000000056e-01
1.808999999999999986e+01
1.000000000000000000e+02
0.000000000000000000e+00
