1.990000000000000000e+02
4.799999999999999822e+00
1.120000000000000107e+01
1.380000000000000071e+01
4.239999999999999858e+01
1.994000000000000057e+02
1.280000000000000027e+00
2.000000000000000111e-01
2.500000000000000139e-02
-5.000000000000000000e+01
3.000000000000000000e+01
-8.000000000000000000e+01
-2.000000000000000000e+01
1.000000000000000000e+00
1.000000000000000000e+00
1.000000000000000000e+00
1.000000000000000000e+00
1.000000000000000000e+00
1.000000000000000000e+00
1.000000000000000000e+00
1.000000000000000000e+00
1.000000000000000000e+00
1.000000000000000000e+00
1.000000000000000000e+00
1.000000000000000000e+00
1.000000000000000000e+00
1.000000000000000000e+00
1.000000000000000000e+00
1.000000000000000000e+00
1.000000000000000000e+00
1.000000000000000000e+00
1.000000000000000000e+00
1.000000000000000000e+00
1.000000000000000000e+00
1.000000000000000000e+00
1.000000000000000000e+00
1.000000000000000000e+00
1.000000000000000000e+00
2.188909999999999911e+02
1.000000000000000000e+00
8.802099999999999369e+00
1.000000000000000056e-01
1.212000000000000099e+01
1.000000000000000000e+02
0.000000000000000000e+00
