1.877999999999999829e+02
4.799999999999999822e+00
1.120000000000000107e+01
1.799999999999999822e+00
6.239999999999999858e+01
1.998000000000000114e+02
1.400000000000000133e+00
2.199999999999999734e-01
2.900000000000000147e-02
-5.000000000000000000e+01
3.000000000000000000e+01
-8.000000000000000000e+01
-2.000000000000000000e+01
1.000000000000000000e+00
1.000000000000000000e+00
1.000000000000000000e+00
1.000000000000000000e+00
1.000000000000000000e+00
1.000000000000000000e+00
1.000000000000000000e+00
1.000000000000000000e+00
1.000000000000000000e+00
1.000000000000000000e+00
1.000000000000000000e+00
1.000000000000000000e+00
1.000000000000000000e+00
1.000000000000000000e+00
1.000000000000000000e+00
1.000000000000000000e+00
1.000000000000000000e+00
1.000000000000000000e+00
1.000000000000000000e+00
1.000000000000000000e+00
1.000000000000000000e+00
1.000000000000000000e+00
1.000000000000000000e+00
1.000000000000000000e+00
1.000000000000000000e+00
2.928539999999999850e+02
1.000000000000000000e+00
9.752499999999999503e+00
1.000000000000000056e-01
1.316999999999999993e+01
1.000000000000000000e+02
0.000000000000000000e+00
