1.998000000000000114e+02
4.799999999999999822e+00
1.000000000000000000e+01
2.000000000000000111e-01
6.300000000000000000e+01
1.197999999999999972e+02
4.330000000000000071e+00
2.199999999999999734e-01
2.900000000000000147e-02
-5.000000000000000000e+01
3.000000000000000000e+01
-8.000000000000000000e+01
-2.000000000000000000e+01
1.000000000000000000e+00
1.000000000000000000e+00
1.000000000000000000e+00
1.000000000000000000e+00
1.000000000000000000e+00
1.000000000000000000e+00
1.000000000000000000e+00
1.000000000000000000e+00
1.000000000000000000e+00
1.000000000000000000e+00
1.000000000000000000e+00
1.000000000000000000e+00
1.000000000000000000e+00
1.000000000000000000e+00
1.000000000000000000e+00
1.000000000000000000e+00
1.000000000000000000e+00
1.000000000000000000e+00
1.000000000000000000e+00
1.000000000000000000e+00
1.000000000000000000e+00
1.000000000000000000e+00
1.000000000000000000e+00
1.000000000000000000e+00
1.000000000000000000e+00
2.808600000000000136e+02
1.000000000000000000e+00
9.752499999999999503e+00
1.000000000000000056e-01
1.776999999999999957e+01
1.000000000000000000e+02
0.000000000000000000e+00
