1.994000000000000057e+02
5.400000000000000355e+00
1.199999999999999956e+00
5.999999999999999778e-01
6.800000000000000000e+01
1.193999999999999915e+02
5.330000000000000071e+00
2.199999999999999734e-01
2.199999999999999872e-02
-5.000000000000000000e+01
3.000000000000000000e+01
-8.000000000000000000e+01
-2.000000000000000000e+01
1.000000000000000000e+00
1.000000000000000000e+00
1.000000000000000000e+00
1.000000000000000000e+00
1.000000000000000000e+00
1.000000000000000000e+00
1.000000000000000000e+00
1.000000000000000000e+00
1.000000000000000000e+00
1.000000000000000000e+00
1.000000000000000000e+00
1.000000000000000000e+00
1.000000000000000000e+00
1.000000000000000000e+00
1.000000000000000000e+00
1.000000000000000000e+00
1.000000000000000000e+00
1.000000000000000000e+00
1.000000000000000000e+00
1.000000000000000000e+00
1.000000000000000000e+00
1.000000000000000000e+00
1.000000000000000000e+00
1.000000000000000000e+00
1.000000000000000000e+00
2.808600000000000136e+02
1.000000000000000000e+00
9.792099999999999582e+00
1.000000000000000056e-01
1.232000000000000028e+01
1.000000000000000000e+02
0.000000000000000000e+00
