1.951999999999999886e+02
4.799999999999999822e+00
1.120000000000000107e+01
1.799999999999999822e+00
4.239999999999999858e+01
1.980000000000000000e+02
1.400000000000000133e+00
2.000000000000000111e-01
2.500000000000000139e-02
-5.000000000000000000e+01
3.000000000000000000e+01
-8.000000000000000000e+01
-2.000000000000000000e+01
1.000000000000000000e+00
1.000000000000000000e+00
1.000000000000000000e+00
1.000000000000000000e+00
1.000000000000000000e+00
1.000000000000000000e+00
1.000000000000000000e+00
1.000000000000000000e+00
1.000000000000000000e+00
1.000000000000000000e+00
1.000000000000000000e+00
1.000000000000000000e+00
1.000000000000000000e+00
1.000000000000000000e+00
1.000000000000000000e+00
1.000000000000000000e+00
1.000000000000000000e+00
1.000000000000000000e+00
1.000000000000000000e+00
1.000000000000000000e+00
1.000000000000000000e+00
1.000000000000000000e+00
1.000000000000000000e+00
1.000000000000000000e+00
1.000000000000000000e+00
2.808600000000000136e+02
1.000000000000000000e+00
1.822599999999999998e+00
1.000000000000000056e-01
1.471999999999999886e+01
1.000000000000000000e+02
0.000000000000000000e+00
